chain id|,ch total ASA|,ch b-bone ASA|,ch s-chain ASA|,ch polar ASA|,ch n-polar ASA|,res id|,res name|,total ASA|,b-bone ASA|,s-chain ASA|,polar ASA|,n-polar ASA|,total RASA|,b-bone RASA|,s-chain RASA|,polar RASA|,n-polar RASA|,average DPX|,s_avg DPX|,s-ch avg DPX|,s-ch s_avg DPX|,max DPX|,min DPX|,average CX|,s_avg CX|,s-ch avg CX|,s-ch s_avg CX|,max CX|,min CX|,Hydrophobicity|
F,8961.5,1972.4,6989,4123.8,4837.7,301,MET,109.47,22.78,86.691,10.863,98.608,58.603,66.883,56.757,39.288,61.959,0,0,0,0,0,0,0.68191,0.089046,0.73581,0.069393,0.81215,0.5669,1.9
F,8961.5,1972.4,6989,4123.8,4837.7,302,ARG,55.601,0.0458,55.555,16.533,39.068,23.862,0.12425,28.323,11.269,45.27,0.50848,0.67683,0.21614,0.52942,1.5229,0,0.60346,0.22378,0.74059,0.13192,0.94764,0.19769,-4.5
F,8961.5,1972.4,6989,4123.8,4837.7,303,ILE,4.7395,0,4.7395,0,4.7395,2.7333,0,3.3299,0,3.2163,1.8636,1.3199,1.0047,1.0609,3.7995,0,0.1012,0.083751,0.025681,0.038059,0.22587,0,4.5
F,8961.5,1972.4,6989,4123.8,4837.7,304,GLY,0,0,0,0,0,0,0,0,0,0,4.6416,0.45248,0,0,5.2134,4.1147,0.042834,0.044482,0,0,0.10263,0,-0.4
F,8961.5,1972.4,6989,4123.8,4837.7,305,ILE,0,0,0,0,0,0,0,0,0,0,4.2919,0.54528,4.4747,0.43201,5.0153,3.4478,0.069987,0.0409,0.056107,0.039148,0.14504,0,4.5
F,8961.5,1972.4,6989,4123.8,4837.7,306,ILE,2.5814,0.4113,2.1701,0.4113,2.1701,1.4887,1.3234,1.5247,1.5795,1.4727,1.7111,1.1472,1.7852,1.1676,3.054,0,0.072953,0.058514,0.021427,0.019502,0.16423,0,4.5
F,8961.5,1972.4,6989,4123.8,4837.7,307,SER,28.99,22.137,6.8537,22.381,6.6097,25.143,54.176,9.207,35.883,12.488,0.62991,0.9156,0,0,2.2561,0,0.47723,0.16356,0.55892,0.1217,0.68063,0.24046,-0.8
F,8961.5,1972.4,6989,4123.8,4837.7,308,VAL,23.586,13.709,9.8776,6.251,17.335,15.794,43.756,8.3701,24.126,14.045,0.58357,0.67849,0.50834,0.7189,1.525,0,0.34571,0.090536,0.3246,0.1234,0.48855,0.19084,4.2
F,8961.5,1972.4,6989,4123.8,4837.7,309,GLY,9.7466,9.7466,0,2.1769,7.5697,12.102,12.102,0,5.7408,17.757,0,0,0,0,0,0,0.29214,0.11438,0,0,0.46759,0.17739,-0.4
F,8961.5,1972.4,6989,4123.8,4837.7,310,PRO,5.6295,0.2713,5.3582,0,5.6295,4.208,0.82462,5.3115,0,4.9898,0.91518,0.84287,0.49549,0.70073,2.2499,0,0.47575,0.099503,0.43963,0.08932,0.65395,0.31897,1.6
F,8961.5,1972.4,6989,4123.8,4837.7,311,GLY,42.727,42.727,0,19.323,23.405,53.051,53.051,0,50.956,54.902,0,0,0,0,0,0,0.94454,0.052478,0,0,1.0038,0.86069,-0.4
F,8961.5,1972.4,6989,4123.8,4837.7,312,ASN,123.29,36.065,87.228,86.201,37.091,81.732,98.916,76.254,79.757,86.723,0.15379,0.40689,0,0,1.2303,0,1.3326,0.62776,1.8046,0.5443,2.7214,0.62811,-3.5
F,8961.5,1972.4,6989,4123.8,4837.7,313,ILE,13.618,2.0724,11.546,1.1382,12.48,7.8537,6.668,8.1121,4.371,8.4692,0.68056,0.91365,0.38234,0.66224,2.3937,0,0.38811,0.10092,0.32977,0.056531,0.61548,0.26302,4.5
F,8961.5,1972.4,6989,4123.8,4837.7,314,MET,70.517,0,70.517,0,70.517,37.75,0,46.168,0,44.308,1.1391,1.1829,0,0,2.7379,0,1.1172,0.29077,1.3801,0.16501,1.5414,0.78118,1.9
F,8961.5,1972.4,6989,4123.8,4837.7,315,ASN,70.797,2.7894,68.008,63.138,7.6596,46.932,7.6506,59.453,58.418,17.909,0.33634,0.58517,0,0,1.456,0,0.9259,0.33481,1.1936,0.23938,1.4232,0.48855,-3.5
F,8961.5,1972.4,6989,4123.8,4837.7,316,LEU,5.7469,0.6098,5.1371,0.6098,5.1371,3.231,1.866,3.5382,2.1967,3.4225,1.2526,1.1069,0.75219,0.75224,3.1428,0,0.13438,0.10736,0.045193,0.056689,0.32737,0,3.8
F,8961.5,1972.4,6989,4123.8,4837.7,317,TYR,47.408,0,47.408,25.484,21.924,22.235,0,26.393,36.8,15.228,1.3987,1.3054,0.66528,0.91937,3.5996,0,0.5491,0.23759,0.65271,0.22333,1.0038,0.26302,-1.3
F,8961.5,1972.4,6989,4123.8,4837.7,318,ARG,127.66,3.8489,123.81,64.9,62.762,54.788,10.442,63.121,44.237,72.725,0.13212,0.41779,0,0,1.4533,0,1.3294,0.58032,1.6786,0.43668,2.4733,0.65395,-4.5
F,8961.5,1972.4,6989,4123.8,4837.7,319,GLY,18.211,18.211,0,2.1244,16.087,22.611,22.611,0,5.6023,37.735,0.30697,0.53168,0,0,1.2279,0,0.34808,0.070449,0,0,0.45733,0.27851,-0.4
F,8961.5,1972.4,6989,4123.8,4837.7,320,VAL,0.3636,0,0.3636,0,0.3636,0.24347,0,0.30811,0,0.29458,1.7232,1.1729,0.50578,0.71528,2.9844,0,0.12203,0.083192,0.039225,0.038244,0.23312,0,4.2
F,8961.5,1972.4,6989,4123.8,4837.7,321,LYS,109.7,2.835,106.86,46.521,63.175,55.928,7.9747,66.543,64.088,51.133,0.44185,0.85419,0,0,2.445,0,0.97194,0.5363,1.3358,0.45688,1.9352,0.32737,-3.9
F,8961.5,1972.4,6989,4123.8,4837.7,322,ARG,74.67,21.104,53.566,12.664,62.006,32.046,57.254,27.309,8.6319,71.85,0,0,0,0,0,0,0.9212,0.10525,1.0633,0,1.0633,0.78118,-4.5
F,8961.5,1972.4,6989,4123.8,4837.7,323,ALA,2.7002,2.7002,0,0.6048,2.0954,2.5179,6.2331,0,1.9403,2.7549,0.55123,0.68146,1.5248,0,1.5248,0,0.42527,0.086944,0.26302,0,0.52115,0.26302,1.8
F,8961.5,1972.4,6989,4123.8,4837.7,324,SER,10.119,4.6616,5.4575,9.5521,0.567,8.7763,11.409,7.3314,15.315,1.0712,0.86465,0.90351,0.70743,0.70743,2.2498,0,0.42503,0.18775,0.24901,0.037395,0.70818,0.21161,-0.8
F,8961.5,1972.4,6989,4123.8,4837.7,325,GLU,71.015,27.119,43.896,13.744,57.271,41.401,75.859,32.331,13.634,80.983,0.26649,0.53297,0,0,1.3324,0,1.2851,0.29407,1.4232,0,1.5728,0.73665,-3.5
F,8961.5,1972.4,6989,4123.8,4837.7,326,ASN,90.234,46.395,43.839,30.755,59.479,59.817,127.25,38.324,28.456,139.07,0,0,0,0,0,0,1.6029,0.16923,1.5728,0,1.8162,1.3954,-3.5
F,8961.5,1972.4,6989,4123.8,4837.7,327,PHE,47.34,14.523,32.816,4.6852,42.654,23.56,43.134,19.62,17.502,24.491,0.5915,0.827,0.73967,0.9084,2.3942,0,0.93131,0.39735,0.65535,0.10763,1.7421,0.478,2.8
F,8961.5,1972.4,6989,4123.8,4837.7,328,GLU,132.18,16.515,115.66,70.888,61.288,77.057,46.195,85.189,70.319,86.662,0.13695,0.38735,0,0,1.2325,0,2.1806,0.50074,2.6028,0.19019,2.932,1.4809,-3.5
F,8961.5,1972.4,6989,4123.8,4837.7,329,ASP,116.3,22.985,93.317,66.684,49.618,80.732,63.583,86.477,70.573,100.1,0.18252,0.4829,0,0,1.4602,0,2.5515,1.1217,3.5006,0.79842,4.4841,1.2901,-3.5
F,8961.5,1972.4,6989,4123.8,4837.7,330,VAL,28.411,25.404,3.0073,23.553,4.8579,19.024,81.085,2.5483,90.904,3.9358,0.42457,0.67152,0.50593,0.71549,1.5178,0,0.63067,0.21401,0.45529,0.125,1.0431,0.27851,4.2
F,8961.5,1972.4,6989,4123.8,4837.7,331,SER,46.994,6.9582,40.035,18.039,28.955,40.758,17.029,53.782,28.922,54.704,0.59671,0.88477,0,0,2.2506,0,0.73418,0.29451,1.1285,0.065158,1.1937,0.38932,-0.8
F,8961.5,1972.4,6989,4123.8,4837.7,332,ILE,34.138,24.341,9.7972,24.341,9.7972,19.688,78.317,6.8834,93.475,6.6485,0.52668,0.6842,0.38013,0.65841,1.5205,0,0.43563,0.18761,0.29056,0.071257,0.82805,0.17077,4.5
F,8961.5,1972.4,6989,4123.8,4837.7,333,GLU,57.601,5.7399,51.861,32.485,25.116,33.581,16.056,38.198,32.224,35.515,0.5602,0.82648,0,0,2.2522,0,0.61966,0.27007,0.80157,0.21487,1.1937,0.2187,-3.5
F,8961.5,1972.4,6989,4123.8,4837.7,334,LEU,77.288,19.573,57.715,19.573,57.715,43.452,59.894,39.751,70.509,38.451,0.52634,0.68382,0.38128,0.66039,1.5251,0,0.58533,0.18418,0.67718,0.21823,0.96601,0.35323,3.8
F,8961.5,1972.4,6989,4123.8,4837.7,335,VAL,0,0,0,0,0,0,0,0,0,0,2.722,0.84512,3.602,0.25947,3.9686,1.3311,0.19339,0.10528,0.077963,0.0069372,0.3445,0.068705,4.2
F,8961.5,1972.4,6989,4123.8,4837.7,336,GLU,107.58,2.957,104.62,75.362,32.219,62.719,8.2713,77.06,74.757,45.559,0.29835,0.56095,0,0,1.4613,0,1.082,0.605,1.5283,0.45875,2.1104,0.49926,-3.5
F,8961.5,1972.4,6989,4123.8,4837.7,337,SER,33.436,0.2401,33.195,12.311,21.124,28.999,0.58762,44.593,19.739,39.91,1.1096,1.1759,0,0,2.7294,0,0.68537,0.30589,1.0942,0.1466,1.2408,0.38012,-0.8
F,8961.5,1972.4,6989,4123.8,4837.7,338,PRO,48.288,10.775,37.513,9.6076,38.681,36.095,32.75,37.186,45.838,34.285,0.42768,0.67636,0,0,1.5225,0,0.64689,0.081868,0.65477,0.036566,0.75124,0.53233,1.6
F,8961.5,1972.4,6989,4123.8,4837.7,339,ARG,193.03,35.107,157.93,116.84,76.192,82.843,95.243,80.513,79.641,88.287,0,0,0,0,0,0,3.1164,2.0673,4.179,1.8969,6.7184,1.0233,-4.5
F,8961.5,1972.4,6989,4123.8,4837.7,340,ASN,51.788,20.482,31.306,39.413,12.375,34.331,56.176,27.368,36.466,28.935,0.15628,0.41347,0.31255,0.54135,1.2502,0,0.77104,0.16761,0.64704,0.12811,1.0038,0.52115,-3.5
F,8961.5,1972.4,6989,4123.8,4837.7,341,ASP,100.43,8.2714,92.163,49.892,50.543,69.717,22.881,85.408,52.801,101.96,0.44792,0.80956,0,0,2.2542,0,1.2003,0.4232,1.5897,0.049078,1.6718,0.51013,-3.5
F,8961.5,1972.4,6989,4123.8,4837.7,342,LEU,29.323,6.1135,23.21,6.1135,23.21,16.486,18.707,15.986,22.023,15.463,0.5259,0.6832,0.37989,0.65799,1.5196,0,0.47472,0.094078,0.48148,0.097469,0.64093,0.36208,3.8
F,8961.5,1972.4,6989,4123.8,4837.7,343,TYR,0,0,0,0,0,0,0,0,0,0,3.3045,0.68288,3.6863,0.48817,4.3213,2.2477,0.17956,0.066114,0.15632,0.069515,0.26302,0.052513,-1.3
F,8961.5,1972.4,6989,4123.8,4837.7,344,ASP,9.9035,2.5332,7.3703,1.1298,8.7737,6.8746,7.0075,6.83,1.1957,17.7,0.29116,0.58233,0,0,1.4558,0,0.2016,0.078251,0.26302,0,0.27851,0.07978,-3.5
F,8961.5,1972.4,6989,4123.8,4837.7,345,LEU,0.8197,0,0.8197,0,0.8197,0.46084,0,0.56457,0,0.5461,1.6181,0.76875,1.6286,1.019,2.5115,0,0.014131,0.020265,0.0029096,0.0050396,0.057855,0,3.8
F,8961.5,1972.4,6989,4123.8,4837.7,346,LEU,0.0091,0.0091,0,0.0091,0,0.0051161,0.027846,0,0.032781,0,2.6782,1.3612,3.6656,0.73036,4.3529,0,0.013267,0.020149,0,0,0.052513,0,3.8
F,8961.5,1972.4,6989,4123.8,4837.7,347,PHE,1.182,0,1.182,0,1.182,0.58826,0,0.70668,0,0.67869,2.3879,1.4615,1.6398,1.2812,4.6477,0,0.024522,0.030011,0.0059982,0.014693,0.085404,0,2.8
F,8961.5,1972.4,6989,4123.8,4837.7,348,ILE,1.3641,0,1.3641,0,1.3641,0.78668,0,0.95841,0,0.92569,2.3497,1.0438,1.7907,1.1749,3.3488,0,0.026297,0.027107,0,0,0.068705,0,4.5
F,8961.5,1972.4,6989,4123.8,4837.7,349,PRO,12.16,5.0386,7.1215,4.8862,7.2739,9.0896,15.315,7.0594,23.312,6.4473,0.42743,0.67594,0,0,1.5193,0,0.04375,0.016764,0.052584,0.0086816,0.063253,0.016573,1.6
F,8961.5,1972.4,6989,4123.8,4837.7,350,GLY,5.939,5.939,0,4.2767,1.6623,7.374,7.374,0,11.278,3.8994,0,0,0,0,0,0,0.16693,0.035346,0,0,0.21161,0.12647,-0.4
F,8961.5,1972.4,6989,4123.8,4837.7,351,VAL,75.155,9.1205,66.035,6.5725,68.583,50.325,29.111,55.957,25.367,55.564,0.36516,0.57796,0,0,1.3271,0,0.57124,0.17568,0.64412,0.1621,0.84423,0.32737,4.2
F,8961.5,1972.4,6989,4123.8,4837.7,352,GLY,33.914,33.914,0,16.706,17.209,42.108,42.108,0,44.055,40.367,0,0,0,0,0,0,0.48937,0.13422,0,0,0.70818,0.3445,-0.4
F,8961.5,1972.4,6989,4123.8,4837.7,353,HIS,118.31,0.1451,118.16,51.365,66.942,65.388,0.41648,80.883,68.798,62.992,0.67132,1.0723,0,0,2.8014,0,1.0195,0.62399,1.4424,0.44169,2.0647,0.26302,-3.2
F,8961.5,1972.4,6989,4123.8,4837.7,354,PHE,0,0,0,0,0,0,0,0,0,0,3.4102,1.0718,4.0958,0.58119,4.7734,1.3283,0.084474,0.073285,0.047128,0.049604,0.24046,0,2.8
F,8961.5,1972.4,6989,4123.8,4837.7,355,GLY,20.021,20.021,0,4.3426,15.679,24.859,24.859,0,11.452,36.779,0,0,0,0,0,0,0.36622,0.072915,0,0,0.41767,0.24046,-0.4
F,8961.5,1972.4,6989,4123.8,4837.7,356,GLU,51.296,5.313,45.983,34.602,16.694,29.905,14.862,33.868,34.324,23.606,0.60556,0.88994,0.30218,0.60436,2.4095,0,0.72514,0.31261,0.96186,0.21838,1.217,0.37104,-3.5
F,8961.5,1972.4,6989,4123.8,4837.7,357,GLY,0.5275,0.5275,0,0.212,0.3155,0.65495,0.65495,0,0.55907,0.74009,0.67006,0.67443,0,0,1.4485,0,0.098401,0.070895,0,0,0.20461,0.026589,-0.4
F,8961.5,1972.4,6989,4123.8,4837.7,358,MET,4.6335,0,4.6335,0,4.6335,2.4805,0,3.0336,0,2.9114,1.3379,0.83189,0.83601,0.84231,2.2498,0,0.18409,0.075899,0.1448,0.07043,0.27851,0.036804,1.9
F,8961.5,1972.4,6989,4123.8,4837.7,359,ARG,87.738,0.0768,87.661,57.164,30.573,37.654,0.20836,44.691,38.964,35.427,0.63561,1.094,0,0,3.0604,0,1.0115,0.40581,1.2726,0.25433,1.5414,0.37104,-4.5
F,8961.5,1972.4,6989,4123.8,4837.7,360,ARG,74.287,0,74.287,61.8,12.488,31.882,0,37.873,42.124,14.47,0.83813,1.1426,0,0,2.7203,0,0.708,0.36513,0.86802,0.3668,1.4517,0.33588,-4.5
F,8961.5,1972.4,6989,4123.8,4837.7,361,LEU,2.3073,0,2.3073,0,2.3073,1.2972,0,1.5892,0,1.5372,1.7527,1.145,0.76672,0.76673,3.221,0,0.15457,0.15083,0.015813,0.027389,0.38932,0,3.8
F,8961.5,1972.4,6989,4123.8,4837.7,362,ARG,139.53,15.443,124.09,93.705,45.827,59.882,41.896,63.262,63.871,53.102,0.13239,0.41866,0,0,1.4563,0,1.0135,0.37051,1.1433,0.36941,1.7786,0.41767,-4.5
F,8961.5,1972.4,6989,4123.8,4837.7,363,GLU,107.14,39.509,67.635,65.536,41.608,62.464,110.51,49.816,65.009,58.835,0.14767,0.41768,0,0,1.3291,0,1.217,0.22227,1.3074,0.23272,1.7065,0.9119,-3.5
F,8961.5,1972.4,6989,4123.8,4837.7,364,ASN,53.773,9.5225,44.251,44.508,9.2656,35.647,26.118,38.684,41.18,21.664,0.16628,0.43994,0,0,1.3303,0,0.66222,0.12002,0.65612,0.14561,0.89452,0.53233,-3.5
F,8961.5,1972.4,6989,4123.8,4837.7,365,ASP,90.328,3.2208,87.107,55.509,34.818,62.701,8.9095,80.722,58.746,70.241,0.15244,0.40331,0,0,1.2195,0,0.93431,0.29475,1.2031,0.14519,1.3954,0.54369,-3.5
F,8961.5,1972.4,6989,4123.8,4837.7,366,LEU,0,0,0,0,0,0,0,0,0,0,2.8278,0.83678,3.5939,0.21127,3.8443,1.3339,0.21543,0.086085,0.16166,0.027826,0.41767,0.12042,3.8
F,8961.5,1972.4,6989,4123.8,4837.7,367,ILE,37.681,0.0076,37.674,0.0076,37.674,21.731,0.024453,26.469,0.029186,25.566,0.81844,0.85683,0.37574,0.6508,2.2484,0,0.40068,0.078678,0.42359,0.070632,0.52115,0.30248,4.5
F,8961.5,1972.4,6989,4123.8,4837.7,368,ASP,89.512,1.6299,87.882,56.36,33.151,62.135,4.5087,81.44,59.647,66.878,0.44787,0.80898,0,0,2.2506,0,0.91272,0.34366,1.233,0.15353,1.4809,0.48855,-3.5
F,8961.5,1972.4,6989,4123.8,4837.7,369,PHE,6.0199,2.558,3.4619,1.1252,4.8947,2.996,7.5973,2.0698,4.2032,2.8105,1.048,1.0217,1.0868,1.0161,2.4148,0,0.21271,0.11505,0.17939,0.094466,0.44721,0.047224,2.8
F,8961.5,1972.4,6989,4123.8,4837.7,370,VAL,0,0,0,0,0,0,0,0,0,0,3.6322,1.0218,4.6879,0.2566,5.0412,2.4202,0.12616,0.066022,0.0595,0.041622,0.19769,0.0067513,4.2
F,8961.5,1972.4,6989,4123.8,4837.7,371,ARG,86.293,5.2259,81.067,43.893,42.4,37.034,14.178,41.329,29.918,49.13,0.13322,0.42128,0,0,1.4654,0,0.72182,0.22184,0.85911,0.13552,1.0038,0.31068,-4.5
F,8961.5,1972.4,6989,4123.8,4837.7,372,LYS,96.904,4.7851,92.119,44.251,52.653,49.405,13.46,57.363,60.96,42.617,0.43596,0.84082,0,0,2.3954,0,0.75022,0.22056,0.85556,0.2422,1.1937,0.53233,-3.9
F,8961.5,1972.4,6989,4123.8,4837.7,373,HIS,0.0579,0,0.0579,0.0579,0,0.032001,0,0.039633,0.077552,0,2.0525,0.89609,1.5892,0.83226,3.4098,0,0.15515,0.12115,0.06246,0.037908,0.35323,0,-3.2
F,8961.5,1972.4,6989,4123.8,4837.7,374,VAL,42.16,7.9067,34.253,7.3025,34.857,28.231,25.237,29.026,28.184,28.241,0.4232,0.66939,0.50512,0.71435,1.5154,0,0.38551,0.17185,0.28484,0.12192,0.66718,0.13878,4.2
F,8961.5,1972.4,6989,4123.8,4837.7,375,GLU,153.78,33.116,120.66,95.313,58.463,89.649,92.633,88.87,94.547,82.668,0,0,0,0,0,0,1.8123,0.69506,2.2683,0.54193,3.0076,0.68063,-3.5
F,8961.5,1972.4,6989,4123.8,4837.7,376,ASP,59.042,17.745,41.297,38.693,20.349,40.985,49.088,38.27,40.949,41.052,0.16599,0.43916,0,0,1.3279,0,1.1375,0.13327,1.1865,0.14563,1.3415,0.96601,-3.5
F,8961.5,1972.4,6989,4123.8,4837.7,377,GLU,48.617,12.298,36.319,9.952,38.665,28.343,34.401,26.751,9.872,54.674,0.51218,0.62808,0,0,1.33,0,0.91763,0.21678,1.2901,0,1.2901,0.69429,-3.5
F,8961.5,1972.4,6989,4123.8,4837.7,378,ARG,66.592,2.5376,64.054,53.121,13.471,28.579,6.8844,32.656,36.208,15.609,0.5241,0.69732,0.43732,0.69147,1.5383,0,0.50459,0.26217,0.61618,0.26169,1.105,0.20461,-4.5
F,8961.5,1972.4,6989,4123.8,4837.7,379,TYR,33.972,0.0385,33.934,18.725,15.248,15.934,0.11462,18.892,27.039,10.591,0.81807,1.0286,0.49163,0.89773,2.5351,0,0.25979,0.20676,0.35126,0.19397,0.69429,0.0019112,-1.3
F,8961.5,1972.4,6989,4123.8,4837.7,380,VAL,0,0,0,0,0,0,0,0,0,0,3.8051,0.89974,4.3379,0.48115,5.0179,2.2607,0.020063,0.014973,0.0078225,0.0097426,0.047224,0,4.2
F,8961.5,1972.4,6989,4123.8,4837.7,381,VAL,0.312,0,0.312,0,0.312,0.20892,0,0.26438,0,0.25277,2.3802,1.1786,1.353,1.0367,3.8197,0,0.030045,0.029784,0.010137,0.011633,0.085404,0,4.2
F,8961.5,1972.4,6989,4123.8,4837.7,382,GLY,0,0,0,0,0,0,0,0,0,0,3.7953,0.38504,0,0,4.3997,3.3918,0.021841,0.017089,0,0,0.047224,0.0019112,-0.4
F,8961.5,1972.4,6989,4123.8,4837.7,383,VAL,3.12,0,3.12,0,3.12,2.0892,0,2.6438,0,2.5277,1.7208,1.1632,0.50088,0.70835,2.8967,0,0.055411,0.025441,0.03538,0.017329,0.096829,0.011638,4.2
F,8961.5,1972.4,6989,4123.8,4837.7,384,CYS,5.716,0.0698,5.6462,0,5.716,4.3481,0.19324,5.9222,0,5.4925,0.44617,0.63407,0,0,1.4468,0,0.053954,0.030724,0.082767,0.014062,0.096829,0,2.5
F,8961.5,1972.4,6989,4123.8,4837.7,385,LEU,8.8021,4.2192,4.5829,2.4121,6.39,4.9486,12.911,3.1565,8.6891,4.2572,0.68085,0.9141,0.38166,0.66105,2.3952,0,0.07275,0.049934,0.10853,0.041524,0.17739,0,3.8
F,8961.5,1972.4,6989,4123.8,4837.7,386,GLY,0,0,0,0,0,0,0,0,0,0,3.7532,0.8021,0,0,4.3986,2.4283,0.024385,0.029366,0,0,0.074214,0,-0.4
F,8961.5,1972.4,6989,4123.8,4837.7,387,MET,0,0,0,0,0,0,0,0,0,0,4.665,0.90682,4.4306,0.75894,6.3363,3.4201,0.011978,0.018535,0.0029096,0.0050396,0.052513,0,1.9
F,8961.5,1972.4,6989,4123.8,4837.7,388,GLN,7.0849,0,7.0849,7.0849,0,3.9805,0,4.9628,6.1496,0,2.915,2.053,1.2906,1.1775,5.7674,0,0,0,0,0,0,0,-3.5
F,8961.5,1972.4,6989,4123.8,4837.7,389,LEU,3.3981,0,3.3981,0,3.3981,1.9104,0,2.3405,0,2.2639,3.1104,1.6701,1.6359,1.0245,4.956,0,0.0023106,0.005427,0,0,0.016573,0,3.8
F,8961.5,1972.4,6989,4123.8,4837.7,390,LEU,0,0,0,0,0,0,0,0,0,0,5.3147,0.94044,5.9493,0.42388,6.4375,3.3672,0.019512,0.029467,0.00047779,0.00082756,0.085404,0,3.8
F,8961.5,1972.4,6989,4123.8,4837.7,391,PHE,0,0,0,0,0,0,0,0,0,0,4.2708,0.83016,4.3734,0.77338,5.6911,3.2301,0.073173,0.071556,0.032127,0.037775,0.21161,0,2.8
F,8961.5,1972.4,6989,4123.8,4837.7,392,GLU,79.647,3.2932,76.354,55.398,24.25,46.434,9.2117,56.238,54.953,34.29,0.43859,0.84883,0,0,2.4347,0,0.66801,0.35585,0.92233,0.28469,1.3682,0.29439,-3.5
F,8961.5,1972.4,6989,4123.8,4837.7,393,GLU,98.513,0,98.513,73.805,24.709,57.432,0,72.559,73.211,34.939,0.89484,1.0788,0,0,2.7767,0,0.52559,0.40043,0.82696,0.28425,1.1708,0.057855,-3.5
F,8961.5,1972.4,6989,4123.8,4837.7,394,SER,4.9383,4.9383,0,2.6318,2.3065,4.283,12.086,0,4.2197,4.3576,0.89864,0.95103,1.9718,0.44644,2.4182,0,0.24874,0.17273,0.088601,0.019896,0.5669,0.068705,-0.8
F,8961.5,1972.4,6989,4123.8,4837.7,395,GLU,103.38,21.995,81.386,65.949,37.432,60.27,61.526,59.944,65.419,52.93,0,0,0,0,0,0,0.83406,0.20179,0.92949,0.14683,1.1937,0.41767,-3.5
F,8961.5,1972.4,6989,4123.8,4837.7,396,GLU,45.44,24.685,20.755,35.22,10.219,26.491,69.048,15.287,34.937,14.451,0.31674,0.59434,0.30455,0.6091,1.5228,0,0.55735,0.18015,0.45707,0.11665,0.94764,0.25541,-3.5
F,8961.5,1972.4,6989,4123.8,4837.7,397,ALA,12.591,3.8336,8.7571,0.4503,12.14,11.741,8.8495,13.7,1.4447,15.962,0.51181,0.62756,0,0,1.3271,0,0.80353,0.13651,0.64093,0,1.0233,0.64093,1.8
F,8961.5,1972.4,6989,4123.8,4837.7,398,PRO,114.35,23.611,90.739,15.867,98.483,85.477,71.767,89.948,75.702,87.292,0.2103,0.51512,0,0,1.4721,0,1.8621,0.33784,2.108,0.28713,2.3613,1.3155,1.6
F,8961.5,1972.4,6989,4123.8,4837.7,399,GLY,88.642,88.642,0,41.921,46.721,110.06,110.06,0,110.55,109.6,0,0,0,0,0,0,1.9645,0.2917,0,0,2.3613,1.5414,-0.4
F,8961.5,1972.4,6989,4123.8,4837.7,400,VAL,49.203,6.557,42.646,0.6927,48.51,32.947,20.929,36.138,2.6735,39.302,0.40801,0.64706,0.50715,0.71721,1.5214,0,0.77786,0.24109,0.70536,0.16181,1.2408,0.49926,4.2
F,8961.5,1972.4,6989,4123.8,4837.7,401,LYS,118.11,12.462,105.64,13.991,104.11,60.215,35.056,65.784,19.274,84.269,0.1366,0.38636,0,0,1.2294,0,0.97763,0.4502,1.3187,0.29366,1.6379,0.39864,-3.9
F,8961.5,1972.4,6989,4123.8,4837.7,402,GLY,0.3059,0.3059,0,0.3059,0,0.37981,0.37981,0,0.8067,0,1.4649,0.95572,0,0,2.3837,0,0.30134,0.081466,0,0,0.42738,0.22587,-0.4
F,8961.5,1972.4,6989,4123.8,4837.7,403,LEU,0,0,0,0,0,0,0,0,0,0,3.4565,0.81125,4.1764,0.42995,4.821,2.245,0.2009,0.13362,0.087992,0.057829,0.42738,0,3.8
F,8961.5,1972.4,6989,4123.8,4837.7,404,SER,37.283,22.211,15.072,23.558,13.725,32.336,54.359,20.248,37.772,25.93,0.86916,0.94389,0,0,2.4529,0,0.55568,0.13352,0.66718,0,0.69429,0.33588,-0.8
F,8961.5,1972.4,6989,4123.8,4837.7,405,LEU,17.578,6.9791,10.599,2.8661,14.712,9.8826,21.356,7.3002,10.325,9.8015,0.87719,0.92843,1.3889,0.89417,2.4979,0,0.24726,0.11995,0.14528,0.086406,0.37104,0.026589,3.8
F,8961.5,1972.4,6989,4123.8,4837.7,406,ILE,0.8098,0.8098,0,0,0.8098,0.46701,2.6055,0,0,0.54954,1.6393,1.2528,2.6396,0.85359,3.9491,0,0.20931,0.10774,0.10955,0.052122,0.3445,0.026589,4.5
F,8961.5,1972.4,6989,4123.8,4837.7,407,GLU,80.377,6.0707,74.307,34.515,45.862,46.859,16.981,54.73,34.238,64.85,0.13891,0.39289,0.25004,0.50007,1.2502,0,0.80779,0.31301,1.0394,0.22891,1.4517,0.43722,-3.5
F,8961.5,1972.4,6989,4123.8,4837.7,408,GLY,16.085,16.085,0,1.4415,14.644,19.972,19.972,0,3.8014,34.35,0.30706,0.53184,0,0,1.2282,0,0.4513,0.077134,0,0,0.54369,0.36208,-0.4
F,8961.5,1972.4,6989,4123.8,4837.7,409,ASN,47.675,0,47.675,39.114,8.5615,31.604,0,41.678,36.189,20.018,1.1038,1.259,0,0,3.4728,0,0.52431,0.25057,0.75462,0.13188,0.87746,0.23312,-3.5
F,8961.5,1972.4,6989,4123.8,4837.7,410,VAL,0.1903,0.1903,0,0.1903,0,0.12743,0.60741,0,0.73447,0,2.5125,1.3797,3.7034,0.58182,4.4982,0,0.14467,0.12514,0.010557,0.01493,0.32737,0,4.2
F,8961.5,1972.4,6989,4123.8,4837.7,411,VAL,33.918,0,33.918,0,33.918,22.712,0,28.741,0,27.479,1.0555,0.96639,0,0,2.2632,0,0.43352,0.15974,0.60249,0.075185,0.69429,0.23312,4.2
F,8961.5,1972.4,6989,4123.8,4837.7,412,LYS,93.269,7.7126,85.557,55.344,37.925,47.552,21.695,53.276,76.242,30.696,0.46823,0.66609,0.30446,0.60892,1.5223,0,0.65782,0.32351,0.85762,0.30982,1.4232,0.31897,-3.9
F,8961.5,1972.4,6989,4123.8,4837.7,413,LEU,3.8048,3.7502,0.0546,3.7502,0.0546,2.1391,11.476,0.037606,13.509,0.036376,1.1275,0.9522,1.0018,1.0593,2.4902,0,0.15364,0.13746,0.042614,0.05701,0.42738,0,3.8
F,8961.5,1972.4,6989,4123.8,4837.7,414,ARG,177.48,23.49,153.99,101.83,75.65,76.168,63.728,78.505,69.408,87.659,0.13254,0.41912,0,0,1.4579,0,1.1869,0.46839,1.4631,0.30596,1.9771,0.33588,-4.5
F,8961.5,1972.4,6989,4123.8,4837.7,415,SER,12.212,12.052,0.16,6.6559,5.5559,10.591,29.495,0.21494,10.672,10.497,0.44118,0.6261,0.70693,0.70693,1.4139,0,0.72099,0.13249,0.63619,0.11504,0.87746,0.52115,-0.8
F,8961.5,1972.4,6989,4123.8,4837.7,416,ARG,235,37.146,197.86,147.16,87.84,100.86,100.78,100.87,100.31,101.78,0.13271,0.41968,0,0,1.4598,0,3.102,1.5902,4.0225,1.2687,5.9466,1.1265,-4.5
F,8961.5,1972.4,6989,4123.8,4837.7,417,ARG,174.27,11.19,163.08,99.803,74.467,74.791,30.357,83.141,68.028,86.289,0,0,0,0,0,0,1.3996,0.27609,1.5756,0.13906,1.8548,0.89452,-4.5
F,8961.5,1972.4,6989,4123.8,4837.7,418,LEU,55.798,33.969,21.829,31.229,24.569,31.37,103.94,15.035,112.5,16.368,0.37274,0.64584,0.38152,0.6608,1.5261,0,0.84859,0.2988,0.61802,0.11526,1.4809,0.42738,3.8
F,8961.5,1972.4,6989,4123.8,4837.7,419,PRO,68.845,7.7408,61.105,7.7408,61.105,51.462,23.528,60.571,36.931,54.161,0.58501,0.67987,0,0,1.5198,0,0.87833,0.22942,1.0454,0.20807,1.2652,0.5669,1.6
F,8961.5,1972.4,6989,4123.8,4837.7,420,HIS,0.9566,0,0.9566,0,0.9566,0.52871,0,0.6548,0,0.90016,1.8793,0.88919,1.7576,1.0755,3.5131,0,0.16536,0.13716,0.060683,0.053037,0.38012,0,-3.2
F,8961.5,1972.4,6989,4123.8,4837.7,421,MET,108.54,25.099,83.438,24.417,84.119,58.103,73.69,54.627,88.308,52.855,0.18216,0.48196,0,0,1.4573,0,1.038,0.62314,1.465,0.63607,2.4733,0.46759,1.9
F,8961.5,1972.4,6989,4123.8,4837.7,422,GLY,19.299,19.299,0,0,19.299,23.962,23.962,0,0,45.27,1.2256,0.8013,0,0,2.2481,0,0.50479,0.15595,0,0,0.70818,0.30248,-0.4
F,8961.5,1972.4,6989,4123.8,4837.7,423,TRP,127.91,21.835,106.08,42.567,85.344,53.27,67.164,51.094,78.973,45.83,0.19178,0.47178,0,0,1.4579,0,0.7246,0.20832,0.78731,0.2154,1.1708,0.45733,-0.9
F,8961.5,1972.4,6989,4123.8,4837.7,424,ASN,27.111,2.5583,24.553,22.228,4.8835,17.972,7.0167,21.464,20.566,11.418,0.77973,0.83019,0.30689,0.53155,2.2443,0,0.28314,0.058089,0.26346,0.054865,0.3445,0.19769,-3.5
F,8961.5,1972.4,6989,4123.8,4837.7,425,GLU,71.746,5.8408,65.906,55.79,15.957,41.827,16.338,48.542,55.342,22.563,0.3269,0.61178,0.30088,0.60176,1.5044,0,0.74035,0.49551,1.1091,0.35676,1.5108,0.13878,-3.5
F,8961.5,1972.4,6989,4123.8,4837.7,426,VAL,0,0,0,0,0,0,0,0,0,0,3.1483,0.87402,3.7217,0.23134,4.0445,1.3272,0.13162,0.127,0,0,0.33588,0,4.2
F,8961.5,1972.4,6989,4123.8,4837.7,427,ILE,78.867,3.4908,75.376,3.4908,75.376,45.483,11.232,52.959,13.406,51.151,0.6547,0.90373,0,0,2.4628,0,0.66807,0.31405,0.9589,0.15148,1.1937,0.25541,4.5
F,8961.5,1972.4,6989,4123.8,4837.7,428,PHE,16.35,15.66,0.6898,14.528,1.8216,8.137,46.51,0.41241,54.27,1.0459,2.0288,1.5117,2.6485,1.4094,4.3293,0,0.27841,0.27038,0.10934,0.11278,0.87746,0,2.8
F,8961.5,1972.4,6989,4123.8,4837.7,429,LYS,128.16,37.28,90.884,53.719,74.445,65.343,104.87,56.594,74.003,60.255,0,0,0,0,0,0,1.1629,0.36876,1.2844,0.34385,1.6718,0.61548,-3.9
F,8961.5,1972.4,6989,4123.8,4837.7,430,ASP,56.1,11.875,44.225,9.1979,46.902,38.942,32.849,40.983,9.7343,94.618,0.31983,0.55462,0,0,1.3334,0,1.2365,0.2977,1.457,0.1733,1.6379,0.66718,-3.5
F,8961.5,1972.4,6989,4123.8,4837.7,431,THR,59.002,37.103,21.899,43.315,15.687,43.197,108.68,21.375,77.073,19.514,0.20456,0.50106,0.4773,0.675,1.4319,0,0.8295,0.2169,0.75798,0.17244,1.2408,0.5669,-0.7
F,8961.5,1972.4,6989,4123.8,4837.7,432,PHE,14.789,12.586,2.2028,10.637,4.1513,7.3601,37.38,1.317,39.736,2.3836,1.1824,0.98528,1.4493,1.0171,2.5239,0,0.23464,0.16797,0.11403,0.038675,0.53233,0.074214,2.8
F,8961.5,1972.4,6989,4123.8,4837.7,433,PRO,21.377,9.2486,12.129,0,21.377,15.979,28.111,12.023,0,18.948,0.70572,0.863,0,0,2.2604,0,0.38111,0.082328,0.40763,0.089383,0.49926,0.27072,1.6
F,8961.5,1972.4,6989,4123.8,4837.7,434,ASN,80.583,20.895,59.688,55.684,24.899,53.419,57.308,52.18,51.521,58.216,0.18211,0.48181,0,0,1.4569,0,0.79178,0.20558,0.94428,0.17328,1.217,0.55521,-3.5
F,8961.5,1972.4,6989,4123.8,4837.7,435,GLY,14.013,14.013,0,0,14.013,17.398,17.398,0,0,32.87,1.2296,0.80516,0,0,2.2598,0,0.45247,0.086454,0,0,0.54369,0.32737,-0.4
F,8961.5,1972.4,6989,4123.8,4837.7,436,TYR,124.21,5.5531,118.65,40.01,84.196,58.255,16.532,66.058,57.777,58.481,0.22364,0.50218,0,0,1.454,0,0.99898,0.64549,1.3312,0.53769,2.4733,0.22587,-1.3
F,8961.5,1972.4,6989,4123.8,4837.7,437,TYR,0,0,0,0,0,0,0,0,0,0,3.4819,0.50905,3.679,0.29132,4.2418,2.2487,0.034572,0.050904,0.00084391,0.0022328,0.1326,0,-1.3
F,8961.5,1972.4,6989,4123.8,4837.7,438,TYR,45.104,0,45.104,15.185,29.919,21.155,0,25.111,21.927,20.782,1.2068,1.5231,0.1884,0.49845,3.789,0,0.50324,0.36253,0.70509,0.27238,1.217,0.068705,-1.3
F,8961.5,1972.4,6989,4123.8,4837.7,439,PHE,0,0,0,0,0,0,0,0,0,0,3.3363,0.93143,3.8746,0.43769,4.4441,1.3244,0.059833,0.099508,0.0023676,0.0057994,0.33588,0,2.8
F,8961.5,1972.4,6989,4123.8,4837.7,440,VAL,51.332,11.82,39.512,11.633,39.698,34.372,37.727,33.482,44.899,32.163,0.20764,0.50862,0,0,1.4535,0,0.38458,0.18236,0.57366,0.10547,0.72229,0.17739,4.2
F,8961.5,1972.4,6989,4123.8,4837.7,441,HIS,13.74,8.7098,5.0298,0,13.74,7.5939,24.999,3.4429,0,12.929,1.884,1.2333,2.3237,1.2746,3.678,0,0.080278,0.097014,0.0052785,0.011803,0.24046,0,-3.2
F,8961.5,1972.4,6989,4123.8,4837.7,442,THR,36.914,4.1702,32.744,20.129,16.786,27.026,12.215,31.961,35.816,20.88,0.71782,0.87041,0,0,2.2447,0,0.3347,0.14839,0.49823,0.062182,0.57877,0.18408,-0.7
F,8961.5,1972.4,6989,4123.8,4837.7,443,TYR,25.357,0.6548,24.702,17.607,7.7498,11.893,1.9494,13.752,25.425,5.3829,0.90251,0.99083,0.51898,0.67002,2.773,0,0.26786,0.22738,0.3803,0.19707,0.75124,0,-1.3
F,8961.5,1972.4,6989,4123.8,4837.7,444,ARG,31.419,0.004,31.415,30.77,0.6485,13.484,0.010852,16.016,20.973,0.75145,0.85383,0.81438,0.62092,0.71926,2.259,0,0.19734,0.17049,0.28294,0.15669,0.48855,0.0019112,-4.5
F,8961.5,1972.4,6989,4123.8,4837.7,445,ALA,0.0251,0.0251,0,0.0251,0,0.023405,0.057941,0,0.080526,0,1.7908,0.98799,2.4411,0,2.6653,0,0.079423,0.070687,0,0,0.17077,0,1.8
F,8961.5,1972.4,6989,4123.8,4837.7,446,VAL,57.159,2.0064,55.153,1.754,55.405,38.274,6.4041,46.735,6.7696,44.888,0.60172,0.69959,0.50902,0.71986,1.527,0,0.56519,0.25279,0.78514,0.21447,1.084,0.19769,4.2
F,8961.5,1972.4,6989,4123.8,4837.7,447,CYS,29.083,28.818,0.2655,21.23,7.8533,22.123,79.784,0.27848,77.482,7.5462,0.2549,0.56997,0.7647,0.7647,1.5294,0,0.4695,0.20658,0.23129,0.047218,0.75124,0.18408,2.5
F,8961.5,1972.4,6989,4123.8,4837.7,448,GLU,56.766,11.283,45.482,2.5709,54.195,33.094,31.562,33.5,2.5502,76.633,0.71692,0.92503,0,0,2.2525,0,1.0486,0.2668,1.4809,0,1.4809,0.73665,-3.5
F,8961.5,1972.4,6989,4123.8,4837.7,449,GLU,118.24,11.431,106.81,40.597,77.642,68.932,31.975,78.669,40.271,109.79,0.13658,0.3863,0,0,1.2292,0,1.706,0.5184,2.0234,0.48379,2.5931,1.0633,-3.5
F,8961.5,1972.4,6989,4123.8,4837.7,450,GLU,124.17,20.706,103.47,75.377,48.795,72.391,57.919,76.207,74.771,68.998,0.13767,0.38939,0,0,1.239,0,1.5154,0.4232,1.7981,0.2843,2.3079,0.87746,-3.5
F,8961.5,1972.4,6989,4123.8,4837.7,451,HIS,10.217,0.1548,10.062,5.1737,5.0432,5.6469,0.44432,6.8876,6.9297,4.7456,1.0248,0.91701,0.87473,0.95095,2.4955,0,0.50938,0.22566,0.60362,0.18705,0.86069,0.15137,-3.2
F,8961.5,1972.4,6989,4123.8,4837.7,452,VAL,27.743,3.204,24.539,2.8755,24.867,18.577,10.227,20.794,11.098,20.147,0.40757,0.64678,0,0,1.5296,0,0.36263,0.064854,0.38008,0.06375,0.44721,0.2864,4.2
F,8961.5,1972.4,6989,4123.8,4837.7,453,LEU,0.8483,0.8483,0,0,0.8483,0.47692,2.5958,0,0,0.56516,2.1098,1.2022,3.1944,0.42047,3.5876,0,0.13791,0.058138,0.13475,0.076743,0.23312,0.031671,3.8
F,8961.5,1972.4,6989,4123.8,4837.7,454,GLY,0.7414,0.7414,0,0,0.7414,0.92054,0.92054,0,0,1.7392,1.3125,0.85895,0,0,2.4015,0,0.094581,0.047529,0,0,0.14504,0.041988,-0.4
F,8961.5,1972.4,6989,4123.8,4837.7,455,THR,48.61,0.6054,48.005,15.88,32.73,35.588,1.7733,46.857,28.256,40.714,0.56345,0.92345,0,0,2.4268,0,0.35408,0.1549,0.5238,0.063654,0.60306,0.18408,-0.7
F,8961.5,1972.4,6989,4123.8,4837.7,456,THR,4.219,4.1324,0.0866,0,4.219,3.0888,12.104,0.084529,0,5.2482,0.92643,0.87615,1.3063,0.99436,2.4104,0,0.13802,0.13053,0.0061615,0.0074035,0.33588,0,-0.7
F,8961.5,1972.4,6989,4123.8,4837.7,457,GLU,91.242,13.571,77.672,62.315,28.927,53.193,37.96,57.208,61.814,40.904,0.16147,0.45671,0,0,1.4532,0,1.0158,0.65683,1.5055,0.4837,2.0647,0.32737,-3.5
F,8961.5,1972.4,6989,4123.8,4837.7,458,TYR,15.411,2.729,12.682,3.7103,11.701,7.228,8.1244,7.0604,5.3578,8.1271,0.68935,0.69218,0.71319,0.71451,1.5309,0,0.32031,0.14169,0.27576,0.15242,0.60306,0.1085,-1.3
F,8961.5,1972.4,6989,4123.8,4837.7,459,ASP,85.839,37.412,48.426,68.47,17.369,59.585,103.49,44.876,72.462,35.039,0,0,0,0,0,0,0.96887,0.21031,1.0841,0.22908,1.3954,0.69429,-3.5
F,8961.5,1972.4,6989,4123.8,4837.7,460,GLY,64.534,64.534,0,32.719,31.814,80.126,80.126,0,86.285,74.629,0,0,0,0,0,0,1.4603,0.19548,0,0,1.7065,1.1937,-0.4
F,8961.5,1972.4,6989,4123.8,4837.7,461,GLU,12.992,4.9334,8.0588,1.6438,11.348,7.5743,13.8,5.9356,1.6306,16.047,0.53699,0.80391,0.24882,0.49764,2.2549,0,0.59639,0.21642,0.47362,0.15014,0.92961,0.33588,-3.5
F,8961.5,1972.4,6989,4123.8,4837.7,462,ILE,102.22,19.555,82.664,19.367,82.852,58.95,62.919,58.079,74.372,56.224,0.18258,0.48306,0,0,1.4606,0,1.0409,0.40529,1.3465,0.35388,1.8944,0.59082,4.5
F,8961.5,1972.4,6989,4123.8,4837.7,463,PHE,1.8172,1.773,0.0442,0,1.8172,0.90439,5.2658,0.026426,0,1.0434,1.3139,0.9422,1.7015,0.86628,2.777,0,0.10814,0.1139,0.031976,0.049276,0.31897,0,2.8
F,8961.5,1972.4,6989,4123.8,4837.7,464,PRO,9.2968,0.2187,9.0781,0.0307,9.2661,6.9493,0.66474,8.9989,0.14647,8.2132,0.36533,0.57832,0,0,1.3311,0,0.10947,0.071232,0.14617,0.036425,0.19769,0,1.6
F,8961.5,1972.4,6989,4123.8,4837.7,465,SER,0,0,0,0,0,0,0,0,0,0,3.2744,0.6737,3.6926,0.48722,4.1798,2.2447,0.0052785,0.011803,0,0,0.031671,0,-0.8
F,8961.5,1972.4,6989,4123.8,4837.7,466,ALA,0,0,0,0,0,0,0,0,0,0,3.9935,0.39346,3.932,0,4.5092,3.4597,0.0013503,0.0027005,0,0,0.0067513,0,1.8
F,8961.5,1972.4,6989,4123.8,4837.7,467,VAL,0,0,0,0,0,0,0,0,0,0,4.3293,0.91102,4.7638,0.86263,5.9368,3.1844,0.018263,0.026916,0,0,0.074214,0,4.2
F,8961.5,1972.4,6989,4123.8,4837.7,468,ARG,60.598,0.8797,59.718,35.579,25.02,26.007,2.3866,30.445,24.251,28.991,0.47317,0.81834,0,0,2.4445,0,0.39474,0.18174,0.48841,0.14364,0.66718,0.07978,-4.5
F,8961.5,1972.4,6989,4123.8,4837.7,469,LYS,73.745,6.5957,67.15,23.639,50.107,37.598,18.553,41.814,32.565,40.556,0.4993,0.7063,0.60705,0.74348,1.5185,0,0.66503,0.27938,0.82896,0.2771,1.1937,0.37104,-3.9
F,8961.5,1972.4,6989,4123.8,4837.7,470,GLY,65.544,65.544,0,23.83,41.713,81.38,81.38,0,62.844,97.849,0,0,0,0,0,0,0.7562,0.095172,0,0,0.9119,0.65395,-0.4
F,8961.5,1972.4,6989,4123.8,4837.7,471,ARG,95.11,3.8595,91.25,80.387,14.723,40.818,10.471,46.521,54.793,17.06,0.35834,0.78272,0,0,2.4085,0,0.86619,0.53859,1.1048,0.52444,2.0647,0.21161,-4.5
F,8961.5,1972.4,6989,4123.8,4837.7,472,ILE,5.464,0,5.464,0,5.464,3.1511,0,3.839,0,3.7079,2.0672,1.3747,1.0161,1.0751,3.8564,0,0.1887,0.073414,0.15542,0.066249,0.32737,0.041988,4.5
F,8961.5,1972.4,6989,4123.8,4837.7,473,LEU,9.3663,0,9.3663,0,9.3663,5.2658,0,6.4511,0,6.24,2.3958,1.6159,0.9969,1.0527,4.3879,0,0.052187,0.048902,0.078065,0.051911,0.15137,0,3.8
F,8961.5,1972.4,6989,4123.8,4837.7,474,GLY,0,0,0,0,0,0,0,0,0,0,4.3253,0.32135,0,0,4.6676,3.856,0,0,0,0,0,0,-0.4
F,8961.5,1972.4,6989,4123.8,4837.7,475,PHE,1.2131,0,1.2131,0,1.2131,0.60374,0,0.72528,0,0.69654,2.2689,1.3641,1.4492,1.0143,4.1843,0,0.001058,0.0033458,0,0,0.011638,0,2.8
F,8961.5,1972.4,6989,4123.8,4837.7,476,GLN,3.0801,0.1441,2.936,3.0801,0,1.7305,0.40891,2.0566,2.6735,0,1.8057,1.1903,1.8099,1.0591,3.5953,0,0,0,0,0,0,0,-3.5
F,8961.5,1972.4,6989,4123.8,4837.7,477,PHE,0,0,0,0,0,0,0,0,0,0,4.1467,1.0194,4.7724,0.58914,5.7371,2.2328,0,0,0,0,0,0,2.8
F,8961.5,1972.4,6989,4123.8,4837.7,478,HIS,12.038,0,12.038,4.4013,7.637,6.6536,0,8.2403,5.8951,7.1864,1.7642,1.5659,0.64624,0.97401,3.5831,0,0.14598,0.07248,0.20065,0.028002,0.23312,0.016573,-3.2
F,8961.5,1972.4,6989,4123.8,4837.7,479,PRO,1.8137,1.451,0.3627,1.451,0.3627,1.3557,4.4103,0.35954,6.9227,0.32149,1.2704,0.89536,0.99582,0.70415,2.3762,0,0.068165,0.073964,0.012268,0.017349,0.22587,0,1.6
F,8961.5,1972.4,6989,4123.8,4837.7,480,GLU,42.009,31.478,10.531,35.867,6.1417,24.491,88.05,7.7568,35.579,8.6845,0.47005,0.66813,0.55491,0.68511,1.5241,0,0.25559,0.12917,0.21626,0.085633,0.52115,0.096829,-3.5
F,8961.5,1972.4,6989,4123.8,4837.7,481,LYS,93.849,14.28,79.569,38.84,55.009,47.848,40.17,49.548,53.506,44.524,0.14752,0.41725,0,0,1.3277,0,0.6887,0.28112,0.87495,0.24499,1.2901,0.35323,-3.9
F,8961.5,1972.4,6989,4123.8,4837.7,482,SER,0.2834,0.2834,0,0.2834,0,0.24579,0.69359,0,0.45439,0,1.8929,1.1812,3.1917,0.44753,3.6392,0,0.33347,0.16111,0.1302,0.027566,0.53233,0.10263,-0.8
F,8961.5,1972.4,6989,4123.8,4837.7,483,SER,78.795,29.587,49.207,7.4524,71.342,68.339,72.411,66.103,11.949,134.79,0,0,0,0,0,0,1.0188,0.30143,1.5414,0,1.5414,0.69429,-0.8
F,8961.5,1972.4,6989,4123.8,4837.7,484,LYS,83.215,18.529,64.687,7.272,75.944,42.427,52.121,40.281,10.018,61.468,0,0,0,0,0,0,1.3533,0.47281,2.2061,0,2.2061,0.89452,-3.9
F,8961.5,1972.4,6989,4123.8,4837.7,485,ILE,32.488,3.1425,29.346,1.0272,31.461,18.736,10.111,20.618,3.9447,21.35,0.49266,0.88117,0,0,2.4103,0,0.43579,0.14428,0.38718,0.059836,0.75124,0.25541,4.5
F,8961.5,1972.4,6989,4123.8,4837.7,486,GLY,0,0,0,0,0,0,0,0,0,0,2.1134,0.4544,0,0,2.4286,1.3352,0.2267,0.088351,0,0,0.36208,0.11443,-0.4
F,8961.5,1972.4,6989,4123.8,4837.7,487,ARG,43.426,2.8635,40.563,1.7004,41.726,18.637,7.7686,20.68,1.159,48.35,0.71416,0.92185,0,0,2.2458,0,0.41433,0.1208,0.61548,0,0.61548,0.25541,-4.5
F,8961.5,1972.4,6989,4123.8,4837.7,488,LYS,113.92,1.9179,112,45.564,68.356,58.081,5.3949,69.744,62.769,55.327,0.13747,0.38883,0,0,1.2373,0,0.77362,0.41075,1.0605,0.33674,1.605,0.31897,-3.9
F,8961.5,1972.4,6989,4123.8,4837.7,489,LEU,0.174,0,0.174,0,0.174,0.097824,0,0.11984,0,0.11592,2.1988,0.94335,1.6343,1.0263,3.0003,0,0.078113,0.072196,0.015813,0.027389,0.21161,0,3.8
F,8961.5,1972.4,6989,4123.8,4837.7,490,LEU,2.9602,0.0049,2.9553,0.0049,2.9553,1.6642,0.014994,2.0355,0.017651,1.9689,0.84137,0.90186,0.38073,0.65944,2.4504,0,0.055605,0.038033,0.035916,0.031,0.1085,0,3.8
F,8961.5,1972.4,6989,4123.8,4837.7,491,GLU,59.315,0,59.315,50.836,8.4787,34.58,0,43.688,50.428,11.989,0.986,0.93089,0.30152,0.60304,2.2598,0,0.4416,0.20989,0.5963,0.15272,0.79653,0.16423,-3.5
F,8961.5,1972.4,6989,4123.8,4837.7,492,LYS,58.638,0.5686,58.069,33.64,24.998,29.896,1.5994,36.16,46.343,20.233,0.60577,0.88931,0.30402,0.60805,2.4019,0,0.57461,0.30966,0.73822,0.33311,1.3155,0.30248,-3.9
F,8961.5,1972.4,6989,4123.8,4837.7,493,VAL,0.3224,0.0658,0.2566,0.0658,0.2566,0.21588,0.21002,0.21744,0.25396,0.20789,1.44,1.0152,1.3363,1.0236,2.4863,0,0.096625,0.076386,0.013996,0.019793,0.19084,0,4.2
F,8961.5,1972.4,6989,4123.8,4837.7,494,ILE,2.2189,0,2.2189,0,2.2189,1.2796,0,1.559,0,1.5058,1.4844,1.2102,0.37972,0.6577,2.8776,0,0.13868,0.10166,0.061596,0.040738,0.31897,0,4.5
F,8961.5,1972.4,6989,4123.8,4837.7,495,GLU,77.551,5.3356,72.215,47.859,29.692,45.211,14.925,53.189,47.474,41.985,0.61205,0.90372,0.3004,0.6008,2.4723,0,0.83261,0.23237,0.9174,0.17774,1.217,0.40809,-3.5
F,8961.5,1972.4,6989,4123.8,4837.7,496,CYS,30.743,5.5934,25.15,0.1564,30.587,23.386,15.486,26.379,0.5708,29.39,0.20517,0.45876,0,0,1.231,0,0.59549,0.1392,0.40867,0.028554,0.75124,0.38012,2.5
F,8961.5,1972.4,6989,4123.8,4837.7,497,SER,18.438,13.886,4.5519,16.985,1.4535,15.991,33.985,6.1149,27.232,2.7461,0.62935,0.91431,0,0,2.2505,0,0.39123,0.16716,0.19119,0.02042,0.62811,0.17077,-0.8
F,8961.5,1972.4,6989,4123.8,4837.7,498,LEU,79.603,32.685,46.919,29.247,50.356,44.754,100.01,32.315,105.36,33.549,0.35554,0.6175,0.37832,0.65528,1.5133,0,0.87014,0.40457,0.60439,0.11001,1.7421,0.478,3.8
F,8961.5,1972.4,6989,4123.8,4837.7,499,SER,77.297,23.144,54.153,26,51.297,67.04,56.642,72.747,41.687,96.914,0.22165,0.49563,0,0,1.3299,0,1.9809,0.30566,2.1163,0.30009,2.4164,1.5108,-0.8
F,8961.5,1972.4,6989,4123.8,4837.7,500,ARG,91.815,91.815,0,36.773,55.042,39.404,249.09,0,25.065,63.78,0,0,0,0,0,0,3.3543,0.68124,0,0,4.3435,2.7214,-4.5
